Type	SBS1	SBS5	SBS7a	SBS7b	SBS10b	SBS15	SBS19	SBS31	SBS87
A[C>A]A	0.000876022635356	0.0120520477511521	6.71258684854829e-05	0.0023442804770015	0.0001809141932361	0.00094602994016	0.0012796132635802	0.0096091222359764	0.008946076074626
A[C>A]C	0.0022201199666038	0.0093370867658328	0.0001767296021018	0.0004567881535869	0.0064023564853474	0.0004905110245606	0.0006360522448567	0.018351300773676	0.0044899064423915
A[C>A]G	0.0001797267894069	0.0019081396861477	7.325781257787748e-05	0.0001921876454952	5.461614348524684e-05	4.743508998811915e-05	0.0002545472678629	0.001717126034598	0.0063572134245111
A[C>A]T	0.0012650524935992	0.0066358714827477	0.0002485224090664	0.0007140505667017	1.619619228969949e-05	0.0011119185161005	0.0005750795451238	0.0063228349673367	0.0049407618196569
A[C>G]A	0.0018390546926016	0.0101438068572197	6.502192335384836e-05	8.614734047140897e-06	0.0003031814001344	0.0001132428102849	0.003214145994998	0.0083802823709386	0.0078432457792409
A[C>G]C	0.0011879592113196	0.0056378595937761	2.131221892740084e-05	0.0001872728451941	0.0001311796686319	0.000265488477802	0.0017761835976142	0.0031346008682311	0.0038628557555279
A[C>G]G	0.0001167714994412	0.0017740541946887	5.2268214592081126e-05	0.0005217998290854	2.266314739013981e-16	3.158909463417046e-05	0.0006374034196487	0.0031032405572554	0.0313959491974365
A[C>G]T	0.0011266872072741	0.0101395313125191	9.583937261559292e-05	0.0002866259954628	2.2058617719713416e-16	0.0003255620434796	0.002155290261736	0.0038057833439577	0.0096875806144414
A[C>T]A	0.0247184825041428	0.0327413973951681	0.0001223083417737	0.0014186423995487	0.0005457257250016	0.0050608607079877	0.028211945159075	0.0178282452142691	0.0093972389079848
A[C>T]C	0.0061540171082148	0.0177048583101019	0.0174755242087139	0.0377518655478142	0.0051395071881822	0.00681978818711	0.0139911668363198	0.0092054090265638	0.0034912988935873
A[C>T]G	0.3706239575062596	0.006374217978591	2.2944511523689163e-16	0.0005610639828268	0.0004226309477762	0.0766740022847405	0.0016038569080349	0.0078511984132143	0.1246335813959974
A[C>T]T	0.0094681302675427	0.0220861088135625	0.0074356321289899	0.010861612752184	0.0078793869374216	0.0017830758806792	0.0370629285993225	0.0101688911775625	0.0106658667490036
A[T>A]A	0.0007838116691834	0.0073447321328131	0.0019272534104149	0.0024825215504668	0.0017927256605802	0.0020258307422605	0.0007847617458541	0.007845089151426	0.0097782748903724
A[T>A]C	0.0022013144183261	0.0069487754456015	0.0006706056971086	0.0004691006497959	0.0003344470064203	0.0008414423156605	0.0002565138300228	0.0061040695213307	0.0006913541990975
A[T>A]G	0.0011172802655863	0.0090792528278283	0.0005833251256796	0.0015558006449645	2.305684828996943e-05	0.0005364171839839	0.0009507968879829	0.0050220267032843	0.0037984423399462
A[T>A]T	0.0001794551341012	0.0061758322936183	0.0036888861838877	0.0082724159822304	0.0028097739526599	0.0094821230531291	0.0006535474591567	0.0041557830132229	0.0041593781170955
A[T>C]A	0.0010679429339569	0.0459792194076382	0.0004867802549312	0.0010169362623964	0.00920987930019	0.0038629818662534	0.0025859185023286	0.0203612993634747	0.0091044632942523
A[T>C]C	0.0030008941641676	0.0134363056163385	0.0002272048331026	0.0004580512730954	0.0005061369816921	0.0019610313422421	0.0005975261795409	0.007441534689391	0.003104739050754
A[T>C]G	0.0001038876764618	0.038029328529077	0.0001858289267822	0.0014959623504603	0.000523206198463	0.0002384070855751	0.0023070801403818	0.008107127841886	0.000961836202433
A[T>C]T	0.0056288272759837	0.0381507079354381	0.0006114995026622	0.0021454402848458	0.0001478829433925	0.0009233639311288	0.0017387960472865	0.0084614138298765	0.0055135349388136
A[T>G]A	0.000168519969282	0.0038415536629618	0.0004698919927898	8.416868816017428e-05	3.4180458754726327e-05	0.0004647491544468	0.0023263287409174	0.0036730184149911	0.0078595910451039
A[T>G]C	0.0002043374957751	0.0026070441787249	0.0002472229285424	0.0009361917739575	5.289700275139729e-05	0.0004152184423847	0.0019012202111353	0.0024939194074256	0.0006703406054481
A[T>G]G	0.0002626593714358	0.0079045249400172	0.0002742719800011	0.0014660432032082	0.000515323515287	0.000183772811256	0.0017677629515292	0.0040136278005335	0.0026563595067445
A[T>G]T	0.0001098308717711	0.0048111725771252	0.0003072417370237	0.0007314454218259	2.188696744833321e-16	0.0036079778897052	0.0016188787337515	0.0007822059137224	0.0021497997145693
C[C>A]A	0.0003050258878172	0.0073785208730965	0.0004510335985969	0.0011341214301712	0.0005120839894129	0.0414200098123201	0.0013150732713918	0.0106566330420921	0.0084364963601133
C[C>A]C	0.0017382590650798	0.0060565825103745	0.0002363133330778	0.0015316697834234	0.0031046243126933	0.0049705454984527	0.0007590146830515	0.0114755364881714	0.0059150667099465
C[C>A]G	9.193816690247364e-05	0.003467615766847	2.229437236765471e-16	0.0004096279996141	8.312424270971704e-05	6.618708085682575e-05	0.000237280470431	0.0003306788713212	0.0199054284538565
C[C>A]T	2.179834146906512e-16	0.0064452271431041	0.0003687690129543	0.001482360204062	0.0081876872438012	0.0284399512779523	3.428931212504916e-05	0.0277877546908261	0.0048166611084543
C[C>G]A	2.355714183844636e-05	0.006911777291622	2.2091279826731567e-16	0.0004556377874224	2.938870826181522e-05	8.282227227792265e-05	0.0017633935689001	0.002041691065244	0.0066700319129093
C[C>G]C	7.45668066779931e-05	0.0089467757930126	0.0001289875467051	0.0009486467919499	2.1674099080582035e-16	1.672894510001935e-05	0.0017911561207761	0.0018400427046315	0.0032699146072834
C[C>G]G	0.000347295439013	0.0024954807108234	7.758041684887916e-05	0.0007941556856109	2.2020980765581363e-16	5.019020330834824e-05	4.838455445549297e-05	0.0008583579854911	0.0855484727621983
C[C>G]T	2.179834146906512e-16	0.0094642549574395	9.48071269220955e-05	0.0008854373732988	2.1821033598237486e-16	8.371641209242534e-05	0.0032080771421673	0.0034062409104432	0.0094750880702518
C[C>T]A	0.0019552965337031	0.0192655871222166	0.0495641915660444	0.1064481985944701	0.0001484159254219	0.0107018214612666	0.1185558163270007	0.0410330158295837	0.008264660050439
C[C>T]C	0.0002621955339814	0.0187418686897249	0.0544505058967087	0.1798476195735572	8.240062893698756e-05	0.0109253581629769	0.0910421492503986	0.1622403376171062	0.0078783666519927
C[C>T]G	0.1933807012477383	0.0175385200543738	0.0067126635633067	0.0221881540217055	0.0036701118802545	0.0248004741629008	0.0157851943233929	0.0082418450681356	0.1859511502272564
C[C>T]T	0.0001916250165869	0.0229406399772299	0.0561083476803006	0.1253539775651485	0.0005848351541748	0.0154586496166563	0.2570446939196532	0.1444166477784703	0.0068638608552257
C[T>A]A	4.2257226687001525e-05	0.0035343596448634	0.0001763999016243	0.0011202104184623	7.006199924482927e-05	0.0003466894908699	9.620231224035152e-05	0.0206267318831687	0.0082783365227284
C[T>A]C	0.000387449064619	0.0051974104826993	0.0002609016367906	0.000961079748565	0.0001050631073223	0.0002438161104633	0.0004048743226815	0.021191311624734	0.0048821983197819
C[T>A]G	0.0003184649018223	0.0050021053747506	0.0001116224691855	0.0008831809898885	2.193799321895708e-16	8.167503522930959e-05	0.0002944814553428	0.0187245955198254	0.0027428752346121
C[T>A]T	0.0002572259757673	0.00432123657399	0.0003721611532377	0.0001127534341176	0.0002327441051063	0.0010528883186875	0.0002197817660678	0.0312433083323171	0.0101679572764304
C[T>C]A	2.1914794305119395e-16	0.0132788098338279	0.0004494709132696	0.0015302874377167	0.0013043805061662	0.000747174991483	0.0004527320898327	0.008160575647377	0.0050767027043909
C[T>C]C	0.0024646874320916	0.0104148495221721	0.0002589026852488	0.0008427003660359	0.0001229031894806	0.0021483814634051	8.181837783705641e-05	0.0099528862006717	0.0018232812977441
C[T>C]G	0.0003538505460759	0.0207672249097643	0.0001036496490965	0.0007301502569404	2.5001406686469105e-05	0.0013847882698687	0.0004988157513639	0.0044658658165117	0.000828719943657
C[T>C]T	4.2138031608590605e-05	0.0149735882033843	0.0018256959586249	0.0057685712227264	0.0008106252878306	0.0017548138644792	0.000394195856687	0.0139083112429791	0.0088363058402346
C[T>G]A	3.4886780171826845e-05	0.0025858732994905	8.395964038580306e-05	0.0003590670044683	0.0002243140147049	0.000205223843875	0.0007151569660131	0.0019725560824264	0.0084400931283198
C[T>G]C	0.0002090058380534	0.0046165823362705	0.0001719358059773	0.0007945454286472	0.001139830492844	0.0001568822180949	0.002099719906501	0.0014361882176742	0.0010775651224582
C[T>G]G	0.0001258137677198	0.0061203405084274	2.221035452639617e-16	0.0012902648098758	0.0004733398732399	0.0002709798382245	0.0013321779168249	0.0015019724847791	0.0019417090805528
C[T>G]T	0.0001691752945074	0.0073360527884017	2.6565682564160134e-05	3.705748303590156e-06	0.0052019242955531	0.0024968488685814	0.0022179808478413	0.0009564482720645	0.003074928785638
G[C>A]A	0.0015562692214789	0.0102053005328143	4.0521655294054425e-05	0.0007477187392699	0.0007238788297962	0.0022862009164639	0.0008170441064528	0.0131447596384177	0.007054884077447
G[C>A]C	0.000329319017514	0.0075487776035807	0.0001359292568419	0.0002125333138381	0.0024904513230214	0.0024517030295927	0.0002692651125851	0.021276950533434	0.00457082566054
G[C>A]G	0.0005827679564706	0.0023597795019005	4.275432107083024e-05	7.366676648118498e-05	8.504014159653949e-05	0.0004065283275845	0.0002073978858533	0.0009830544209283	0.0082972612560873
G[C>A]T	2.1850396341435191e-16	0.0067891244976099	2.2144698844295032e-16	0.0001465952872249	0.0027587363241014	0.0180781592099481	0.0002726385189695	0.0035042273726514	0.0010549500438838
G[C>G]A	9.444289514505727e-06	0.0046824320091736	1.9562178417819374e-05	5.1231260234529934e-05	1.7032676059173313e-05	0.00099235127495	0.0013148992905115	0.0018362527597166	0.0025999418807345
G[C>G]C	0.0001593165490585	0.0050127830361032	3.2680507836573004e-05	0.0004468150458051	0.0001328239924282	0.0005986486279789	0.0012770274425243	0.007432088465177	0.0011738572095318
G[C>G]G	0.0001648027965145	0.0015227636956708	4.536987953633985e-05	0.0003404546496837	2.2158346754027895e-16	1.0161020049157596e-05	0.0006039843458641	0.0004621976546345	0.0054616616560915
G[C>G]T	2.1850396341435191e-16	0.0066895772175863	4.170750454979332e-05	0.0002762378665452	0.0001113342961387	0.0004479811131202	0.0003195761834933	0.0033544742198018	0.0044463068819509
G[C>T]A	0.0043733156401285	0.0194100824062686	8.483597783237998e-05	0.0008569706549309	0.0003594637352383	0.0735777566375164	0.0612281126400138	0.0068232339418084	0.0018690062666745
G[C>T]C	9.013391383619348e-05	0.0213141965735465	0.0115244060502094	0.0259983022733693	0.0147473805482724	0.1270159693705383	0.0393007737860183	0.0112817321272016	0.0025646975541662
G[C>T]G	0.2164284008772684	0.0124039691766568	5.553031819081951e-06	0.0001778046945052	0.0125761832987262	0.2787332367767061	0.0032475502718094	0.0019924042010241	0.0177290026245596
G[C>T]T	3.762579459691082e-05	0.0185157950800626	0.0159982619127203	0.0053751705066976	0.0314298861961644	0.0766831809664854	0.10885573292246	0.005690624802689	0.0014293956723628
G[T>A]A	7.933538505314567e-05	0.0036429391000458	0.0003973262267945	0.0005230525478816	2.1810601066937376e-16	0.0005061272760919	0.0001882101308478	0.0018914512243489	0.0092646055569146
G[T>A]C	0.0001263461291101	0.0028950944467443	0.0002224509783661	0.0002551435223961	0.0001211146308862	0.0005847070157357	7.768839405906662e-05	0.0029034773470631	0.0033570334276181
G[T>A]G	0.0002429330290094	0.0041227837005331	0.0002903779902976	0.0006592141684064	2.2040960482557688e-16	0.0001871731675048	0.00048908107068	0.0058047069719345	0.0067821719588453
G[T>A]T	0.0002572677156447	0.0032615119398787	0.0003093872316057	5.673661494740497e-05	0.0001082698728919	0.000848976771447	0.0002875706165247	0.0008014855911201	0.0069940081984726
G[T>C]A	0.0010260703286628	0.013996034047497	0.0001000751942312	0.0002645097545894	0.014441952373881	0.0127770021607477	0.0009500134209674	0.0045096177461119	0.0029657147007297
G[T>C]C	0.001860910255961	0.0078993298649999	7.353997411020235e-05	2.2131519566426244e-16	0.0052483121597638	0.0115154567345114	0.0003702880499355	0.0065552739273391	0.0038467115436872
G[T>C]G	0.0011554119344959	0.0150466568446727	7.254746680283914e-05	0.000531592423486	0.0013700948958414	0.0059555121495003	0.0009590404532681	0.0051608569064675	0.0039452626249504
G[T>C]T	7.108495433167536e-05	0.013876620136181	0.0008199768513394	0.0069506859760845	0.0115287885591183	0.0059226239561815	0.0023981182482291	0.0047642181361372	0.0065772131084771
G[T>G]A	2.1787919786762915e-16	0.0025014186736009	8.981081784944585e-05	0.0003211904162872	0.0004725561459004	0.0002010639619328	0.0006333426127468	0.0003026320365319	0.0034765552699626
G[T>G]C	2.1837336592368783e-16	0.0017012410666435	0.0001201639207191	0.0003199250721468	0.0009275631132594	0.0005757725389758	0.0007016500204724	0.0008700459189931	0.0012234056572104
G[T>G]G	0.0003436611172924	0.0053164850639478	0.0003254239203643	0.0024218087161136	0.0017175825518816	0.000347321107456	0.0005132328742791	0.0025653378398703	0.0032229901501106
G[T>G]T	1.455596540312006e-05	0.0023802959809673	0.0008442419023912	0.0018568990752298	0.0051729175419129	0.0014048545637711	0.0003465076380446	0.0028544680875612	0.0024742232293203
T[C>A]A	6.505343126458801e-05	0.0078948121912816	0.0003910218487334	0.0029180406522747	0.0004433810077468	0.017238564836512	0.0013905734203925	0.0018736475198514	0.0039940239201298
T[C>A]C	0.0024971803055819	0.0091938325643948	0.0006365049923003	0.0035354446522507	0.0037708009412958	0.0058124175802472	0.0011365827593449	0.0094316099843184	0.0041594344952946
T[C>A]G	2.238751477122962e-16	0.002345869239359	3.500015151721386e-05	0.0003065288473566	0.0005784333651343	7.824609487730338e-05	0.0002916189613025	0.0009768662232388	0.0032120695631043
T[C>A]T	5.838169536987474e-06	0.0128108537635617	0.0006172373407834	0.0014248451109666	0.0814680285495211	0.0081025854472256	0.0013965258708662	0.0045423064946432	0.00413960136928
T[C>G]A	2.2046983544077703e-16	0.0078445907396831	2.234393387560224e-16	0.000255580027619	2.2069934510285532e-16	0.0002144799703665	0.0017634082279907	0.0003989058220812	0.0006377081776027
T[C>G]C	0.0002003666149857	0.0076197521798692	5.090735749912346e-05	0.0016271076791472	2.2029723282131856e-16	6.121234880152715e-05	0.003138174987777	0.0029360662447267	0.0028278985255276
T[C>G]G	6.967235538669667e-05	0.001744102782306	6.460783782974069e-06	0.000371921518228	2.2410820231315103e-16	5.942226190942156e-05	0.000451242057908	0.0004255246372066	0.0264444139018236
T[C>G]T	0.0015491771514731	0.01260910704196	0.0002829419560483	0.0007215171781719	4.333041624650718e-05	0.0001751363420234	0.0016292800139326	0.0042893936982714	0.0126487245475885
T[C>T]A	0.0010976006721831	0.0203899103536143	0.2386237882584288	0.0066511196345242	0.0027139676826832	0.0265594182860983	0.0442363397965637	0.0075348846148356	8.695064255385298e-06
T[C>T]C	3.68096039075306e-05	0.0230597773366142	0.3312628775045095	0.2119257607383236	0.0481273242779983	0.009563977409035	0.0251456384238107	0.0247353514520593	0.0061463880796712
T[C>T]G	0.1104513018878411	0.0162170970661512	0.0754417399627434	0.0586491742038688	0.4411437476225948	0.021575717599582	0.0044203335597064	0.0086025598920749	0.0603026203531573
T[C>T]T	2.2141357257622566e-16	0.0211833008394231	0.1077396644486664	0.1030738574705318	0.1277929849029072	0.0017513664391847	0.0636532190776123	0.0197271637028284	0.0109633636722622
T[T>A]A	0.0065253626595424	0.0062238988194316	0.000350509983134	0.0032014903743444	0.0029872894225601	0.0010727854029929	0.0004888277685454	0.006627713354391	0.0081074160265602
T[T>A]C	2.234190471658109e-16	0.0042139620054304	0.0003952371510566	0.0022840857261397	0.0006699383741755	0.0001594572739697	0.0004850420917137	0.003828047544763	0.0037615892261034
T[T>A]G	2.773639479563182e-05	0.0048206148535554	2.2387587774429953e-16	0.0017139174096515	7.032349315927826e-05	0.0001496259147336	0.0003765925793434	0.0033004291676941	0.0048618385578189
T[T>A]T	0.002221005021644	0.0087735026074071	0.0007987027581194	2.2305216506009143e-16	0.0015084515207527	0.0004752391196294	0.0006769798656186	0.0089296342378332	0.0052366241914795
T[T>C]A	0.0002476139090023	0.0177543874762145	0.0021168449002884	0.0059286863542998	0.0086494724795133	0.0033659881485434	0.0012270165056949	0.0045404780877844	0.009565726768859
T[T>C]C	0.003396974401693	0.0098834712736061	0.0006055555096742	0.0017640480140441	8.160262064933037e-05	0.0060126432058118	0.0005646910400532	0.0105143692414344	0.0072338793011223
T[T>C]G	0.0004121568831499	0.0127811719126791	0.0003204607502561	0.0038411914184992	0.0006653747948861	0.0013255445245472	0.001090401172115	0.0040473152883023	0.00170973121683
T[T>C]T	0.0042742019066754	0.0185496922299759	0.0008127149994696	0.0029832895512758	2.490964228511923e-05	0.0013506787081621	0.0014786922648233	0.0121676319121803	0.0065575263264943
T[T>G]A	2.1650258467140886e-16	0.0051487720820021	0.000126026006074	0.000943648891382	0.0110314943913265	0.0002273513960558	0.001642618120035	0.0022257243975835	0.0080337803877326
T[T>G]C	5.5203540353525474e-05	0.0066771958346917	0.0001178594700847	0.0015805060120926	0.0055912120938194	0.000298600840298	0.0020627046603413	0.0024295341015391	0.002523455268147
T[T>G]G	0.0005776133933756	0.0069843563849007	2.2387587774429953e-16	0.0013610518233227	0.0027491515368749	0.0001486219295846	0.0020899348222957	0.0053997841495009	0.0019941697243481
T[T>G]T	2.2008724667342644e-16	0.0135362621686004	8.301920423072806e-05	0.0017779206749884	0.09020935254315	0.0059930131500388	0.0042550108745612	0.0073408023497011	0.006222075138963
