MutationType	SBS1	SBS5	SBS7a	SBS7b	SBS10b	SBS15	SBS19	SBS31	SBS87
A[C>A]A	0.00087602	0.01205205	0.00006713	0.00234428	0.00018091	0.00094603	0.00127961	0.00960912	0.00894608
A[C>A]C	0.00222012	0.00933709	0.00017673	0.00045679	0.00640236	0.00049051	0.00063605	0.01835130	0.00448991
A[C>A]G	0.00017973	0.00190814	0.00007326	0.00019219	0.00005462	0.00004744	0.00025455	0.00171713	0.00635721
A[C>A]T	0.00126505	0.00663587	0.00024852	0.00071405	0.00001620	0.00111192	0.00057508	0.00632283	0.00494076
A[C>G]A	0.00183905	0.01014381	0.00006502	0.00000861	0.00030318	0.00011324	0.00321415	0.00838028	0.00784325
A[C>G]C	0.00118796	0.00563786	0.00002131	0.00018727	0.00013118	0.00026549	0.00177618	0.00313460	0.00386286
A[C>G]G	0.00011677	0.00177405	0.00005227	0.00052180	0.00000000	0.00003159	0.00063740	0.00310324	0.03139595
A[C>G]T	0.00112669	0.01013953	0.00009584	0.00028663	0.00000000	0.00032556	0.00215529	0.00380578	0.00968758
A[C>T]A	0.02471848	0.03274140	0.00012231	0.00141864	0.00054573	0.00506086	0.02821195	0.01782825	0.00939724
A[C>T]C	0.00615402	0.01770486	0.01747552	0.03775187	0.00513951	0.00681979	0.01399117	0.00920541	0.00349130
A[C>T]G	0.37062396	0.00637422	0.00000000	0.00056106	0.00042263	0.07667400	0.00160386	0.00785120	0.12463358
A[C>T]T	0.00946813	0.02208611	0.00743563	0.01086161	0.00787939	0.00178308	0.03706293	0.01016889	0.01066587
A[T>A]A	0.00078381	0.00734473	0.00192725	0.00248252	0.00179273	0.00202583	0.00078476	0.00784509	0.00977827
A[T>A]C	0.00220131	0.00694878	0.00067061	0.00046910	0.00033445	0.00084144	0.00025651	0.00610407	0.00069135
A[T>A]G	0.00111728	0.00907925	0.00058333	0.00155580	0.00002306	0.00053642	0.00095080	0.00502203	0.00379844
A[T>A]T	0.00017946	0.00617583	0.00368889	0.00827242	0.00280977	0.00948212	0.00065355	0.00415578	0.00415938
A[T>C]A	0.00106794	0.04597922	0.00048678	0.00101694	0.00920988	0.00386298	0.00258592	0.02036130	0.00910446
A[T>C]C	0.00300089	0.01343631	0.00022720	0.00045805	0.00050614	0.00196103	0.00059753	0.00744153	0.00310474
A[T>C]G	0.00010389	0.03802933	0.00018583	0.00149596	0.00052321	0.00023841	0.00230708	0.00810713	0.00096184
A[T>C]T	0.00562883	0.03815071	0.00061150	0.00214544	0.00014788	0.00092336	0.00173880	0.00846141	0.00551353
A[T>G]A	0.00016852	0.00384155	0.00046989	0.00008417	0.00003418	0.00046475	0.00232633	0.00367302	0.00785959
A[T>G]C	0.00020434	0.00260704	0.00024722	0.00093619	0.00005290	0.00041522	0.00190122	0.00249392	0.00067034
A[T>G]G	0.00026266	0.00790452	0.00027427	0.00146604	0.00051532	0.00018377	0.00176776	0.00401363	0.00265636
A[T>G]T	0.00010983	0.00481117	0.00030724	0.00073145	0.00000000	0.00360798	0.00161888	0.00078221	0.00214980
C[C>A]A	0.00030503	0.00737852	0.00045103	0.00113412	0.00051208	0.04142001	0.00131507	0.01065663	0.00843650
C[C>A]C	0.00173826	0.00605658	0.00023631	0.00153167	0.00310462	0.00497055	0.00075901	0.01147554	0.00591507
C[C>A]G	0.00009194	0.00346762	0.00000000	0.00040963	0.00008312	0.00006619	0.00023728	0.00033068	0.01990543
C[C>A]T	0.00000000	0.00644523	0.00036877	0.00148236	0.00818769	0.02843995	0.00003429	0.02778775	0.00481666
C[C>G]A	0.00002356	0.00691178	0.00000000	0.00045564	0.00002939	0.00008282	0.00176339	0.00204169	0.00667003
C[C>G]C	0.00007457	0.00894678	0.00012899	0.00094865	0.00000000	0.00001673	0.00179116	0.00184004	0.00326991
C[C>G]G	0.00034730	0.00249548	0.00007758	0.00079416	0.00000000	0.00005019	0.00004838	0.00085836	0.08554847
C[C>G]T	0.00000000	0.00946425	0.00009481	0.00088544	0.00000000	0.00008372	0.00320808	0.00340624	0.00947509
C[C>T]A	0.00195530	0.01926559	0.04956419	0.10644820	0.00014842	0.01070182	0.11855582	0.04103302	0.00826466
C[C>T]C	0.00026220	0.01874187	0.05445051	0.17984762	0.00008240	0.01092536	0.09104215	0.16224034	0.00787837
C[C>T]G	0.19338070	0.01753852	0.00671266	0.02218815	0.00367011	0.02480047	0.01578519	0.00824185	0.18595115
C[C>T]T	0.00019163	0.02294064	0.05610835	0.12535398	0.00058484	0.01545865	0.25704469	0.14441665	0.00686386
C[T>A]A	0.00004226	0.00353436	0.00017640	0.00112021	0.00007006	0.00034669	0.00009620	0.02062673	0.00827834
C[T>A]C	0.00038745	0.00519741	0.00026090	0.00096108	0.00010506	0.00024382	0.00040487	0.02119131	0.00488220
C[T>A]G	0.00031846	0.00500211	0.00011162	0.00088318	0.00000000	0.00008168	0.00029448	0.01872460	0.00274288
C[T>A]T	0.00025723	0.00432124	0.00037216	0.00011275	0.00023274	0.00105289	0.00021978	0.03124331	0.01016796
C[T>C]A	0.00000000	0.01327881	0.00044947	0.00153029	0.00130438	0.00074717	0.00045273	0.00816058	0.00507670
C[T>C]C	0.00246469	0.01041485	0.00025890	0.00084270	0.00012290	0.00214838	0.00008182	0.00995289	0.00182328
C[T>C]G	0.00035385	0.02076722	0.00010365	0.00073015	0.00002500	0.00138479	0.00049882	0.00446587	0.00082872
C[T>C]T	0.00004214	0.01497359	0.00182570	0.00576857	0.00081063	0.00175481	0.00039420	0.01390831	0.00883631
C[T>G]A	0.00003489	0.00258587	0.00008396	0.00035907	0.00022431	0.00020522	0.00071516	0.00197256	0.00844009
C[T>G]C	0.00020901	0.00461658	0.00017194	0.00079455	0.00113983	0.00015688	0.00209972	0.00143619	0.00107757
C[T>G]G	0.00012581	0.00612034	0.00000000	0.00129026	0.00047334	0.00027098	0.00133218	0.00150197	0.00194171
C[T>G]T	0.00016918	0.00733605	0.00002657	0.00000371	0.00520192	0.00249685	0.00221798	0.00095645	0.00307493
G[C>A]A	0.00155627	0.01020530	0.00004052	0.00074772	0.00072388	0.00228620	0.00081704	0.01314476	0.00705488
G[C>A]C	0.00032932	0.00754878	0.00013593	0.00021253	0.00249045	0.00245170	0.00026927	0.02127695	0.00457083
G[C>A]G	0.00058277	0.00235978	0.00004275	0.00007367	0.00008504	0.00040653	0.00020740	0.00098305	0.00829726
G[C>A]T	0.00000000	0.00678912	0.00000000	0.00014660	0.00275874	0.01807816	0.00027264	0.00350423	0.00105495
G[C>G]A	0.00000944	0.00468243	0.00001956	0.00005123	0.00001703	0.00099235	0.00131490	0.00183625	0.00259994
G[C>G]C	0.00015932	0.00501278	0.00003268	0.00044682	0.00013282	0.00059865	0.00127703	0.00743209	0.00117386
G[C>G]G	0.00016480	0.00152276	0.00004537	0.00034045	0.00000000	0.00001016	0.00060398	0.00046220	0.00546166
G[C>G]T	0.00000000	0.00668958	0.00004171	0.00027624	0.00011133	0.00044798	0.00031958	0.00335447	0.00444631
G[C>T]A	0.00437332	0.01941008	0.00008484	0.00085697	0.00035946	0.07357776	0.06122811	0.00682323	0.00186901
G[C>T]C	0.00009013	0.02131420	0.01152441	0.02599830	0.01474738	0.12701597	0.03930077	0.01128173	0.00256470
G[C>T]G	0.21642840	0.01240397	0.00000555	0.00017780	0.01257618	0.27873324	0.00324755	0.00199240	0.01772900
G[C>T]T	0.00003763	0.01851580	0.01599826	0.00537517	0.03142989	0.07668318	0.10885573	0.00569062	0.00142940
G[T>A]A	0.00007934	0.00364294	0.00039733	0.00052305	0.00000000	0.00050613	0.00018821	0.00189145	0.00926461
G[T>A]C	0.00012635	0.00289509	0.00022245	0.00025514	0.00012111	0.00058471	0.00007769	0.00290348	0.00335703
G[T>A]G	0.00024293	0.00412278	0.00029038	0.00065921	0.00000000	0.00018717	0.00048908	0.00580471	0.00678217
G[T>A]T	0.00025727	0.00326151	0.00030939	0.00005674	0.00010827	0.00084898	0.00028757	0.00080149	0.00699401
G[T>C]A	0.00102607	0.01399603	0.00010008	0.00026451	0.01444195	0.01277700	0.00095001	0.00450962	0.00296571
G[T>C]C	0.00186091	0.00789933	0.00007354	0.00000000	0.00524831	0.01151546	0.00037029	0.00655527	0.00384671
G[T>C]G	0.00115541	0.01504666	0.00007255	0.00053159	0.00137009	0.00595551	0.00095904	0.00516086	0.00394526
G[T>C]T	0.00007108	0.01387662	0.00081998	0.00695069	0.01152879	0.00592262	0.00239812	0.00476422	0.00657721
G[T>G]A	0.00000000	0.00250142	0.00008981	0.00032119	0.00047256	0.00020106	0.00063334	0.00030263	0.00347656
G[T>G]C	0.00000000	0.00170124	0.00012016	0.00031993	0.00092756	0.00057577	0.00070165	0.00087005	0.00122341
G[T>G]G	0.00034366	0.00531649	0.00032542	0.00242181	0.00171758	0.00034732	0.00051323	0.00256534	0.00322299
G[T>G]T	0.00001456	0.00238030	0.00084424	0.00185690	0.00517292	0.00140485	0.00034651	0.00285447	0.00247422
T[C>A]A	0.00006505	0.00789481	0.00039102	0.00291804	0.00044338	0.01723856	0.00139057	0.00187365	0.00399402
T[C>A]C	0.00249718	0.00919383	0.00063650	0.00353544	0.00377080	0.00581242	0.00113658	0.00943161	0.00415943
T[C>A]G	0.00000000	0.00234587	0.00003500	0.00030653	0.00057843	0.00007825	0.00029162	0.00097687	0.00321207
T[C>A]T	0.00000584	0.01281085	0.00061724	0.00142485	0.08146803	0.00810259	0.00139653	0.00454231	0.00413960
T[C>G]A	0.00000000	0.00784459	0.00000000	0.00025558	0.00000000	0.00021448	0.00176341	0.00039891	0.00063771
T[C>G]C	0.00020037	0.00761975	0.00005091	0.00162711	0.00000000	0.00006121	0.00313817	0.00293607	0.00282790
T[C>G]G	0.00006967	0.00174410	0.00000646	0.00037192	0.00000000	0.00005942	0.00045124	0.00042552	0.02644441
T[C>G]T	0.00154918	0.01260911	0.00028294	0.00072152	0.00004333	0.00017514	0.00162928	0.00428939	0.01264872
T[C>T]A	0.00109760	0.02038991	0.23862379	0.00665112	0.00271397	0.02655942	0.04423634	0.00753488	0.00000870
T[C>T]C	0.00003681	0.02305978	0.33126288	0.21192576	0.04812732	0.00956398	0.02514564	0.02473535	0.00614639
T[C>T]G	0.11045130	0.01621710	0.07544174	0.05864917	0.44114375	0.02157572	0.00442033	0.00860256	0.06030262
T[C>T]T	0.00000000	0.02118330	0.10773966	0.10307386	0.12779298	0.00175137	0.06365322	0.01972716	0.01096336
T[T>A]A	0.00652536	0.00622390	0.00035051	0.00320149	0.00298729	0.00107279	0.00048883	0.00662771	0.00810742
T[T>A]C	0.00000000	0.00421396	0.00039524	0.00228409	0.00066994	0.00015946	0.00048504	0.00382805	0.00376159
T[T>A]G	0.00002774	0.00482061	0.00000000	0.00171392	0.00007032	0.00014963	0.00037659	0.00330043	0.00486184
T[T>A]T	0.00222101	0.00877350	0.00079870	0.00000000	0.00150845	0.00047524	0.00067698	0.00892963	0.00523662
T[T>C]A	0.00024761	0.01775439	0.00211684	0.00592869	0.00864947	0.00336599	0.00122702	0.00454048	0.00956573
T[T>C]C	0.00339697	0.00988347	0.00060556	0.00176405	0.00008160	0.00601264	0.00056469	0.01051437	0.00723388
T[T>C]G	0.00041216	0.01278117	0.00032046	0.00384119	0.00066537	0.00132554	0.00109040	0.00404732	0.00170973
T[T>C]T	0.00427420	0.01854969	0.00081271	0.00298329	0.00002491	0.00135068	0.00147869	0.01216763	0.00655753
T[T>G]A	0.00000000	0.00514877	0.00012603	0.00094365	0.01103149	0.00022735	0.00164262	0.00222572	0.00803378
T[T>G]C	0.00005520	0.00667720	0.00011786	0.00158051	0.00559121	0.00029860	0.00206270	0.00242953	0.00252346
T[T>G]G	0.00057761	0.00698436	0.00000000	0.00136105	0.00274915	0.00014862	0.00208993	0.00539978	0.00199417
T[T>G]T	0.00000000	0.01353626	0.00008302	0.00177792	0.09020935	0.00599301	0.00425501	0.00734080	0.00622208
