MutationType	DBS1	DBS2	DBS3	DBS4	DBS5	DBS6	DBS7	DBS8	DBS9	DBS10	DBS11	DBS12	DBS13	DBS14	DBS15	DBS16	DBS17	DBS18	DBS19	DBS20
AC>CA	0.00005015	0.00037763	0.00633787	0.00415751	0.00213467	0.00266536	0.04592029	0.21516192	0.02468282	0.00959243	0.00137795	0.00503458	0.00215908	0.01992631	0.01554943	0.05655675	0.02075792	0.01036463	0.00503162	0.00505224
AC>CG	0.00002664	0.00003200	0.00004643	0.00004979	0.00046085	0.00014629	0.00625276	0.00097373	0.00207697	0.00001763	0.00019513	0.00240182	0.00005159	0.00047075	0.00001234	0.00427516	0.00178851	0.00271927	0.00061637	0.00191719
AC>CT	0.00433033	0.00012722	0.00301423	0.00000000	0.00201497	0.00024048	0.01360601	0.31823949	0.02859595	0.01344733	0.00076038	0.00046382	0.00285864	0.00147475	0.01518775	0.01386300	0.01451871	0.02023932	0.01629260	0.00238217
AC>GA	0.00012819	0.00023930	0.00583883	0.00441861	0.00055661	0.00859727	0.00973430	0.00116087	0.02538518	0.00532913	0.00044456	0.00725393	0.00276737	0.00078836	0.01631088	0.00847879	0.01923234	0.00736944	0.00337763	0.00159259
AC>GG	0.00005762	0.00000000	0.00044914	0.00000000	0.00000000	0.00010421	0.00254112	0.00081061	0.00715401	0.00058770	0.00226305	0.00750832	0.00146700	0.00026558	0.00174709	0.00352072	0.00808155	0.00500712	0.00078138	0.00264604
AC>GT	0.00298783	0.00028272	0.01008071	0.00000001	0.00081995	0.00013227	0.00450199	0.00015111	0.01214074	0.02858803	0.00574312	0.00199960	0.00444759	0.00321492	0.09316307	0.00357819	0.03060702	0.01227004	0.01193449	0.00031773
AC>TA	0.00121128	0.00149436	0.00100807	0.00127537	0.00147631	0.01012033	0.00542240	0.01240934	0.04133871	0.00010459	0.00026553	0.00712958	0.00258465	0.00159524	0.00255987	0.00568909	0.00868095	0.02302970	0.00624878	0.00937025
AC>TG	0.00017362	0.00000642	0.00000000	0.00005330	0.00111721	0.00044990	0.00099844	0.00257194	0.01796027	0.00000763	0.00024039	0.00159971	0.00429235	0.00007726	0.00037115	0.00109197	0.00882356	0.01393330	0.00101948	0.00013115
AC>TT	0.02674914	0.00294834	0.00000178	0.00016168	0.00745139	0.00318640	0.00118052	0.00026820	0.04454949	0.00070723	0.00283636	0.00334894	0.01576864	0.00076253	0.00696660	0.00418365	0.01750497	0.01691093	0.06698531	0.00252128
AT>CA	0.00048403	0.00003796	0.00699035	0.00091513	0.00010718	0.00011364	0.01104769	0.00002769	0.01267710	0.00349811	0.00948585	0.00193124	0.00419412	0.00232675	0.00115499	0.00782585	0.01011920	0.00455514	0.00431074	0.00223591
AT>CC	0.00029825	0.00000000	0.00901596	0.00000000	0.00002114	0.00006369	0.00623050	0.00014237	0.00177679	0.00114952	0.00190117	0.00345930	0.00100468	0.00036816	0.00999519	0.00208020	0.00702933	0.00181673	0.00204252	0.00123325
AT>CG	0.00000400	0.00000000	0.01449703	0.00000000	0.00000000	0.00000181	0.00110477	0.00026483	0.00000000	0.00256660	0.00001741	0.00134469	0.00000232	0.00000004	0.00000030	0.00363180	0.00141217	0.00074198	0.00029710	0.00155197
AT>GA	0.00212890	0.00016876	0.00179723	0.00032369	0.00110153	0.00161490	0.01433213	0.00016129	0.00635851	0.00007987	0.01120691	0.00635958	0.00212658	0.00418007	0.00782562	0.00472866	0.01416882	0.00263752	0.01016423	0.00845049
AT>GC	0.00017473	0.00000588	0.00521297	0.00001758	0.00000000	0.00001714	0.00924622	0.00022501	0.00180674	0.00404314	0.00418258	0.00400208	0.00029930	0.00046970	0.01466438	0.00150287	0.01089494	0.00049403	0.00233331	0.00036815
AT>TA	0.00234983	0.00046006	0.00233343	0.00452572	0.00078695	0.00219307	0.03383976	0.00031361	0.00918341	0.00290353	0.00384237	0.00267240	0.01048231	0.00923297	0.01231752	0.00651099	0.01249955	0.00799110	0.01224888	0.00292857
CC>AA	0.00001059	0.72362049	0.00898073	0.00000000	0.00000000	0.00000000	0.00000000	0.03774242	0.00000000	0.01350830	0.00000000	0.01615735	0.00000051	0.00261907	0.01691233	0.03384864	0.00034955	0.01054537	0.02043210	0.00037669
CC>AG	0.00001229	0.07256194	0.00000000	0.00539772	0.02399390	0.06109870	0.00008223	0.01535453	0.02622053	0.00007030	0.00096773	0.01946335	0.01158249	0.00010871	0.00000888	0.01058486	0.00120385	0.04734179	0.00624095	0.00395104
CC>AT	0.01868458	0.09994758	0.00581920	0.01560668	0.00239939	0.00043444	0.00084374	0.02852970	0.01936744	0.01035308	0.03434855	0.01469857	0.04292158	0.00047535	0.02901413	0.01820880	0.00072508	0.09862478	0.08379448	0.00550671
CC>GA	0.00013389	0.01769072	0.00062737	0.00352890	0.00006675	0.03521110	0.00029907	0.00080141	0.01092522	0.00334256	0.00094882	0.01241806	0.00001031	0.00000000	0.00000887	0.00294870	0.00074291	0.01588178	0.00382922	0.00084662
CC>GG	0.00009809	0.00044976	0.00007166	0.00007253	0.00001175	0.01795270	0.00203013	0.00005549	0.00303920	0.00000000	0.00343485	0.02131446	0.00076304	0.00178087	0.00000059	0.00017362	0.00327309	0.00518145	0.00106124	0.00266938
CC>GT	0.00691429	0.00109942	0.00000000	0.00007939	0.00002449	0.00341200	0.00016142	0.00022685	0.01777831	0.00106489	0.06919490	0.00729106	0.02325954	0.00041513	0.00051610	0.00268812	0.00938457	0.01890466	0.01197505	0.00413262
CC>TA	0.01039142	0.01599161	0.02054996	0.00016899	0.00125400	0.00220193	0.00000000	0.00070928	0.00068233	0.02356557	0.05854187	0.01066098	0.04101324	0.00000000	0.05127196	0.00699776	0.00028844	0.02253163	0.03599930	0.00988503
CC>TG	0.00254790	0.00023688	0.00002866	0.00000825	0.00474941	0.00681409	0.00023371	0.00417049	0.01539463	0.00000000	0.03215820	0.02848494	0.00946538	0.00046688	0.00002821	0.00041501	0.03138514	0.01795786	0.00556049	0.00198185
CC>TT	0.85729255	0.00000000	0.00000000	0.00000000	0.00000000	0.00000000	0.00000000	0.00433889	0.00000000	0.02031175	0.33054254	0.00139324	0.00009887	0.00533112	0.08611694	0.01605153	0.00081612	0.03184515	0.07725968	0.00582489
CG>AT	0.00000062	0.00117632	0.00028716	0.00029503	0.00165728	0.00765384	0.00006297	0.00032645	0.00022261	0.00000000	0.00185446	0.03031417	0.00041895	0.00000001	0.00018845	0.00013169	0.00254914	0.00084081	0.00025797	0.00148537
CG>GC	0.00000554	0.00037745	0.00000000	0.00000519	0.00010025	0.00059891	0.00018953	0.00000000	0.00001220	0.00001917	0.00016914	0.08658732	0.00118816	0.00122513	0.00000281	0.00019085	0.00237086	0.00003275	0.00004611	0.00015356
CG>GT	0.00000174	0.00130930	0.00000000	0.00000000	0.00654827	0.00326862	0.00002099	0.00122672	0.00010107	0.00001029	0.00120234	0.09714522	0.00239883	0.00016186	0.00023192	0.00147120	0.00483369	0.00164047	0.00009323	0.00024648
CG>TA	0.00036404	0.00000000	0.09898908	0.00000000	0.00000000	0.00000000	0.00000000	0.00051299	0.00000000	0.36126016	0.00000000	0.03077500	0.00066535	0.00000006	0.00008843	0.00178363	0.00593697	0.00025910	0.00192458	0.00052005
CG>TC	0.00001288	0.00219922	0.00073003	0.00000000	0.00003012	0.00904453	0.00004938	0.00091751	0.00013519	0.00267413	0.00069797	0.12062320	0.00224729	0.00020078	0.00062741	0.00122247	0.00572269	0.00122794	0.00030153	0.00129878
CG>TT	0.00012680	0.00568727	0.00724976	0.00036726	0.00224339	0.01898234	0.00003174	0.00033355	0.00008429	0.00784076	0.00071223	0.11116370	0.00166764	0.00010777	0.00271709	0.00361943	0.01250920	0.00258915	0.00165208	0.00039785
CT>AA	0.00002807	0.00325440	0.00010322	0.00000000	0.46673921	0.00450737	0.00000000	0.02069978	0.00000000	0.00393067	0.00444361	0.00805813	0.06205577	0.00021413	0.00377524	0.06147996	0.01047681	0.02675318	0.01021557	0.00968664
CT>AC	0.00042467	0.00000000	0.02916315	0.00000000	0.20933153	0.00196191	0.00000000	0.01406781	0.00000000	0.01300221	0.00237329	0.00793966	0.02605049	0.00900796	0.07700074	0.08341060	0.01468973	0.02636074	0.00672351	0.00574568
CT>AG	0.00000000	0.00059512	0.11424741	0.00036603	0.02674235	0.03974131	0.00126571	0.02049882	0.00058635	0.02650451	0.00050092	0.00423064	0.01336716	0.00000000	0.00000296	0.03329997	0.00817798	0.00732624	0.00266387	0.00057502
CT>GA	0.00009038	0.00001835	0.00001724	0.00067861	0.01612554	0.00738484	0.00187847	0.00559698	0.00286121	0.00000000	0.01171497	0.00197432	0.00110058	0.00020307	0.00028403	0.00112020	0.00555450	0.00367710	0.00319740	0.00315494
CT>GC	0.00025541	0.00013585	0.00002697	0.00007277	0.00485769	0.00180094	0.01567069	0.00023815	0.00313323	0.00000000	0.00617056	0.00088961	0.00390340	0.00441417	0.00033500	0.00890570	0.01116348	0.00123452	0.00338656	0.00063903
CT>GG	0.00001094	0.00009102	0.00006006	0.00093372	0.00057090	0.00685160	0.00401813	0.00030748	0.01047767	0.00000000	0.00405984	0.01140432	0.00266570	0.00009504	0.00024405	0.00412983	0.00779734	0.00200147	0.00101640	0.00050733
CT>TA	0.00791565	0.00342675	0.00018440	0.00000000	0.00334530	0.00008892	0.00000000	0.01095280	0.00000000	0.00403069	0.04211329	0.01059237	0.03127018	0.00139428	0.00344770	0.01786831	0.00091783	0.00959962	0.07186695	0.01823709
CT>TC	0.01064204	0.00003892	0.00635376	0.00000000	0.00023738	0.00000000	0.06348639	0.01788622	0.00003023	0.00275047	0.00301963	0.00908226	0.00856147	0.02768939	0.06701361	0.09337737	0.01884929	0.00637236	0.04606861	0.00066542
CT>TG	0.00227030	0.00039540	0.05231329	0.00003104	0.00087539	0.01126842	0.00000000	0.00097068	0.00000000	0.04570779	0.00149467	0.00317723	0.00393670	0.00037308	0.00000727	0.00650774	0.02459251	0.00261720	0.01361748	0.00605480
GC>AA	0.00158441	0.00509570	0.00002143	0.32722945	0.00013180	0.00000000	0.00000000	0.01282514	0.00000000	0.00403746	0.00099921	0.02626898	0.00000003	0.00020709	0.04366990	0.01555792	0.12536884	0.03474690	0.01313713	0.01015893
GC>AG	0.00010730	0.00032600	0.00051759	0.01127345	0.00263599	0.00364334	0.00007259	0.00847056	0.12360242	0.00000000	0.00328740	0.01019668	0.01688894	0.00047378	0.00391143	0.00750497	0.01881986	0.04218956	0.00394797	0.00969126
GC>AT	0.00004882	0.00095595	0.00395629	0.00921829	0.00155583	0.00187144	0.00034786	0.00547803	0.12559601	0.00766919	0.02717853	0.00688965	0.01729027	0.00000025	0.14455061	0.00403931	0.04604478	0.05056220	0.00390927	0.01679089
GC>CA	0.00005775	0.00106328	0.00023500	0.01187204	0.00453866	0.00865045	0.00066591	0.00480197	0.02731215	0.00010391	0.00210833	0.00521049	0.01035005	0.00015522	0.00118754	0.00373749	0.01129886	0.02336157	0.00103877	0.00994470
GC>CG	0.00000516	0.00006709	0.00000000	0.00000098	0.00032008	0.00000000	0.00263380	0.00024060	0.00249198	0.00000000	0.00403681	0.00100150	0.00086078	0.00056839	0.00035052	0.00124688	0.00036808	0.00193042	0.00018346	0.00098012
GC>TA	0.00000083	0.00073827	0.00419426	0.01765842	0.00022000	0.00082523	0.00000620	0.00851033	0.01395511	0.00278070	0.00024281	0.00076188	0.00003374	0.00000630	0.00169497	0.00066259	0.00871616	0.01897671	0.00091179	0.00031340
TA>AT	0.00050494	0.00275051	0.00143359	0.03024074	0.00184775	0.00850629	0.05529833	0.00961578	0.01540555	0.01026175	0.00222179	0.00808499	0.00619837	0.01036004	0.02516289	0.00833289	0.00869818	0.01039342	0.00978106	0.16010056
TA>CG	0.00000755	0.00001890	0.00330219	0.00038696	0.00000780	0.00025707	0.00302258	0.00002073	0.00134177	0.00405537	0.00058185	0.00053856	0.00024285	0.00014528	0.01523730	0.00123927	0.00723313	0.00191531	0.00058116	0.00640913
TA>CT	0.00070192	0.00028005	0.00034011	0.00867432	0.00224300	0.02590597	0.02883837	0.00406440	0.01411347	0.00159847	0.00336755	0.00311457	0.01626015	0.00324373	0.00254846	0.01075995	0.01679711	0.01108163	0.00925980	0.11629202
TA>GC	0.00002009	0.00008220	0.00196747	0.00006980	0.00005158	0.00026204	0.00149642	0.00078215	0.00057547	0.00000000	0.00101624	0.00177451	0.00012581	0.00008099	0.00007921	0.00089182	0.00069617	0.00026098	0.00025210	0.00285135
TA>GG	0.00007027	0.00007890	0.00539819	0.00220837	0.00161061	0.00021638	0.00427125	0.00021512	0.00323020	0.00847581	0.00037362	0.00254468	0.00058893	0.00035476	0.00230943	0.00092544	0.00583890	0.00372367	0.00114115	0.00975323
TA>GT	0.00114987	0.00130024	0.00035790	0.00801778	0.00188728	0.00006202	0.02606355	0.00015167	0.00773259	0.00356201	0.00266017	0.00152116	0.00610059	0.00353071	0.00081779	0.00579023	0.01229301	0.00699299	0.00766406	0.05588416
TC>AA	0.00001099	0.00146256	0.00547386	0.38021009	0.04025775	0.04584483	0.01958842	0.03878914	0.00369860	0.00752273	0.00021803	0.02207460	0.06816356	0.00063214	0.00048800	0.07241784	0.05822055	0.00368606	0.01305799	0.18075591
TC>AG	0.00000312	0.00020173	0.00000612	0.00187597	0.01484754	0.00828811	0.00000400	0.01159675	0.04680886	0.00026966	0.04762569	0.00773725	0.06727056	0.00000001	0.00011528	0.00979530	0.00023283	0.01188627	0.00282345	0.00802081
TC>AT	0.00248056	0.00000000	0.00111671	0.00843685	0.00074537	0.00059458	0.00228865	0.01849482	0.05192075	0.00307477	0.08500282	0.01897783	0.15803902	0.00198991	0.00818331	0.02534874	0.00131341	0.07378646	0.09002191	0.02403335
TC>CA	0.00000446	0.00068791	0.06530743	0.08487012	0.00142496	0.01181155	0.00270840	0.01759507	0.04891376	0.02507577	0.00028334	0.02360546	0.03753806	0.00474215	0.02055112	0.01399466	0.00535459	0.01886393	0.00453490	0.01516804
TC>CG	0.00003327	0.00000392	0.00011566	0.00040128	0.00000000	0.00086284	0.00162904	0.01089695	0.00780816	0.00083785	0.00325543	0.00679637	0.00723270	0.00075785	0.00000341	0.00025852	0.00164340	0.00219888	0.00063610	0.00047460
TC>CT	0.00191588	0.00337902	0.01934296	0.00000830	0.00104630	0.00939919	0.00918457	0.00875755	0.05151982	0.02607084	0.02019571	0.00619261	0.03252772	0.02980139	0.04813555	0.00754156	0.02072866	0.02558988	0.01822182	0.01828429
TC>GA	0.00006472	0.00089267	0.07757127	0.03651622	0.00002452	0.00734718	0.00000000	0.00960731	0.01734033	0.04358408	0.00023612	0.01243100	0.01159362	0.00000000	0.00000236	0.00400824	0.00623086	0.00190653	0.00320873	0.00706436
TC>GG	0.00041444	0.00000995	0.00017648	0.00001043	0.00003468	0.00151148	0.00070558	0.00190947	0.00373869	0.00000000	0.00736490	0.00169577	0.01539672	0.00009456	0.00000000	0.00223702	0.00028378	0.00184426	0.00120205	0.00096078
TC>GT	0.00514263	0.00008642	0.04327241	0.00000000	0.00003847	0.00000000	0.00000000	0.00027592	0.00000000	0.04567373	0.01527237	0.00136022	0.03333844	0.00052309	0.00014804	0.00426136	0.00038898	0.00814675	0.02593525	0.00545263
TG>AA	0.00138109	0.00298486	0.00006661	0.00765237	0.01793196	0.02551832	0.02258077	0.00864533	0.01583271	0.00141263	0.00786523	0.00279415	0.01925130	0.00041153	0.00356514	0.00716235	0.00825118	0.01007549	0.00920707	0.02288277
TG>AC	0.00023892	0.00022185	0.00008018	0.00011835	0.00145448	0.01010726	0.00261777	0.00384792	0.00728505	0.00020593	0.00086990	0.00091560	0.00442594	0.00002775	0.00015936	0.00079804	0.00232328	0.00452778	0.00192598	0.00387534
TG>AT	0.00242951	0.00432604	0.00095493	0.00000000	0.02032288	0.22115877	0.00128890	0.00821556	0.00074754	0.00248703	0.01054725	0.01944897	0.01852974	0.00101561	0.00186742	0.00893987	0.00911051	0.02704378	0.01562546	0.04898765
TG>CA	0.00028126	0.00014521	0.01584913	0.00080636	0.00047420	0.01140819	0.02387967	0.00505727	0.02284720	0.02904849	0.05635245	0.01551138	0.02865331	0.00591617	0.07897444	0.00544640	0.14566419	0.01578012	0.00702199	0.00244519
TG>CC	0.00010383	0.00005989	0.00048245	0.00012035	0.00050409	0.00789567	0.00104911	0.00124933	0.01182443	0.00018901	0.00314409	0.02265516	0.00520933	0.00043277	0.00019477	0.00242095	0.01730688	0.00379295	0.00187520	0.00013150
TG>CT	0.00186498	0.00309579	0.00605058	0.00008230	0.00032676	0.27519757	0.00000000	0.01948947	0.00097000	0.00430753	0.00560511	0.01816098	0.01651372	0.00042604	0.00368584	0.00983591	0.00373845	0.01060374	0.01683329	0.01215554
TG>GA	0.00041030	0.00148235	0.00052133	0.00787301	0.00325764	0.00744535	0.00824298	0.00027085	0.00619279	0.00002009	0.00734290	0.00228366	0.00610843	0.00353464	0.00547536	0.00118758	0.00997389	0.00077336	0.00328766	0.01920658
TG>GC	0.00008960	0.00027429	0.00049641	0.00060577	0.00029090	0.00560402	0.00387670	0.00353809	0.00391810	0.00000000	0.00614754	0.00193939	0.00219554	0.00304085	0.00065117	0.00140419	0.00748252	0.00083324	0.00136661	0.00052069
TG>GT	0.00191538	0.00645376	0.01026705	0.00003238	0.08238737	0.02741969	0.00870259	0.00785575	0.00334691	0.00215874	0.00526358	0.00552413	0.01917220	0.03256208	0.00579378	0.02895226	0.00324032	0.00311052	0.00956878	0.00526865
TT>AA	0.00554688	0.00435596	0.00321690	0.00001809	0.00491241	0.00019357	0.23532720	0.00358610	0.00034247	0.01445715	0.00480222	0.00427498	0.01322225	0.19397017	0.00829819	0.03355487	0.00021249	0.02736909	0.05307949	0.06298461
TT>AC	0.00072746	0.00034868	0.00242766	0.00000066	0.00096451	0.00012838	0.04005569	0.00000000	0.00668877	0.00000000	0.00104703	0.00040949	0.00147659	0.01242745	0.00373962	0.00866562	0.01201329	0.01755536	0.00965866	0.01060074
TT>AG	0.00042233	0.00021729	0.02287798	0.00000000	0.00089162	0.00212629	0.05397505	0.01462488	0.00092197	0.00693943	0.00127858	0.00304369	0.00580831	0.00680378	0.00026486	0.03067411	0.00642179	0.00808552	0.00944594	0.01564107
TT>CA	0.00073251	0.00000000	0.00069333	0.00000000	0.00000000	0.00000000	0.09783603	0.00630072	0.00000000	0.00128619	0.00203365	0.00328570	0.00381910	0.00747128	0.00268109	0.08958030	0.01394007	0.01705367	0.02213847	0.00064394
TT>CC	0.00547615	0.00000301	0.00815215	0.00000000	0.00077181	0.00000000	0.03544929	0.00029450	0.00518229	0.00287149	0.00402702	0.00000019	0.00000105	0.37447619	0.01377977	0.00000192	0.00000381	0.00000021	0.03410752	0.00276950
TT>CG	0.00008465	0.00001536	0.03176942	0.00000000	0.00000000	0.00001123	0.00267372	0.00011620	0.00001989	0.00855464	0.00000000	0.00166718	0.00085915	0.00003362	0.00270904	0.01116594	0.00639283	0.00384445	0.00371941	0.00099074
TT>GA	0.00187927	0.00004840	0.01228817	0.00000000	0.00002986	0.00000000	0.04366071	0.00363618	0.00000000	0.00866432	0.00071178	0.00044091	0.00283472	0.01589768	0.00080056	0.00814636	0.00868921	0.00136399	0.01649250	0.00135483
TT>GC	0.00107098	0.00000156	0.06643606	0.00000000	0.00005652	0.00000041	0.00367511	0.00028649	0.00003577	0.02572376	0.00000582	0.00651669	0.00075721	0.00638997	0.01052720	0.01328328	0.01823006	0.00271459	0.00969918	0.00272439
TT>GG	0.00162668	0.00000000	0.17083558	0.00000000	0.00000000	0.00000000	0.00000000	0.00053892	0.00000000	0.08444969	0.00000000	0.00000029	0.00000233	0.17605756	0.00001436	0.00027434	0.00000476	0.00000040	0.01062803	0.00018984
